1 10
100 200
201 210
900 1000
3111 2464
222	2990
4636 5441
5365 1050
4033 5878
5529 5541
4894 4804
3395 2850
5085 2578
5519 4400
5970 3055
2553 3005
147	2897
6526 1471
6572 2377
6398 6808
4137 4972
5029 6837
1285 3321
6053 1054
3355 2872
564	6662
4376 3925
6309 6927
5918 1454
1611 2227
3403 2775
375	3396
586	734
6389 5200
4249 2331
268	893
3970 1075
4907 6769
5731 6356
3387 5126
5898 6328
4772 3320
563	4499
4478 6245
6057 5030
2146 3992
3849 976
1097 5544
881	6111
1302 6840
487	2149
778	3736
2075 3956
5196 130
5007 3308
6953 3446
1184 2883
963	5508
1689 5560
6780 5125
6329 589
2398 2666
3790 6689
5858 4536
4282 2315
5001 3423
4747 4184
5063 2454
4292 4349
3591 3684
3271 5512
4607 5777
1177 3202
5431 2294
2211 79
5895 468
2886 4929
3244 6033
4010 2937
1628 3762
499	6018
4724 863
3254 412
5239 5869
4787 3307
3880 6930
4805 6284
3453 355
2565 6320
1327 4339
4170 3912
6967 1560
4584 5654
928	2453
2482 3283
5953 5260
5424 4458
3748 5913
6129 6040
3279 888
6762 208
5464 2041
1304 253
5951 390